14.00 3 E 1
14.10 4 E 1 
14.20 7 E 1 
14.30 5 E 1 
14.40 8 E 1 
14.50 2 E 1 
14.60 9 E 1 
14.70 10 E 1 
14.80 6 E 1 
14.90 1 E 1 
17.00 3 E 1 
27.00 1 E 1 
32.00 3 R 1 
37.00 3 E 5 
39.00 3 E 5 
42.00 1 R 1 
44.00 3 E 4 
45.00 6 E 1 
47.00 1 E 5 
49.00 1 E 5 
51.00 3 E 4 
54.00 1 E 4 
56.00 3 E 4 
58.00 1 E 4 
58.10 3 E 3 
60.00 6 R 1 
61.00 1 E 4 
63.00 10 E 1 
63.10 3 E 3 
65.00 6 E 5 
66.00 1 E 4 
67.00 6 E 5 
68.00 1 E 3 
72.00 6 E 4 
73.00 1 E 3 
73.10 3 E 5 
74.00 1 E 3 
76.00 6 E 4 
77.00 3 E 5 
78.00 10 R 1 
79.00 1 E 3 
79.10 6 E 4 
81.00 9 E 1 
83.00 10 E 5 
83.10 1 E 5 
84.00 6 E 4 
85.00 10 E 5 
86.00 6 E 3 
87.00 1 E 5 
90.00 10 E 4 
91.00 6 E 3 
92.00 6 E 3 
94.00 10 E 4 
96.00 9 R 1 
97.00 10 E 4 
97.10 6 E 3 
99.00 2 E 1 
100.00 3 R 5 
101.00 9 E 5 
101.10 6 E 5 
102.00 10 E 4 
103.00 9 E 5 
104.00 10 E 3 
105.00 3 E 1 
105.10 6 E 5 
108.00 9 E 4 
109.00 8 E 1 
109.10 10 E 3 
110.00 10 E 3 
110.10 1 R 5 
112.00 9 E 4 
114.00 2 R 1 
115.00 9 E 4 
115.10 10 E 3 
115.20 1 E 1 
119.00 2 E 5 
119.10 5 E 1 
119.20 10 E 5 
120.00 9 E 4 
121.00 2 E 5 
122.00 9 E 3 
123.00 10 E 5 
124.00 8 R 1 
126.00 2 E 4 
127.00 9 E 3 
128.00 9 E 3 
128.10 6 R 5 
129.00 8 E 5 
130.00 2 E 4 
131.00 8 E 5 
133.00 2 E 4 
133.10 9 E 3 
133.20 6 E 1 
134.00 5 R 1 
136.00 8 E 4 
136.10 7 E 1 
137.00 9 E 5 
138.00 2 E 4 
139.00 5 E 5 
140.00 2 E 3 
140.10 8 E 4 
141.00 5 E 5 
141.10 9 E 5 
143.00 8 E 4 
145.00 2 E 3 
146.00 5 E 4 
146.10 10 R 5 
146.20 2 E 3 
148.00 8 E 4 
150.00 5 E 4 
150.10 8 E 3 
151.00 10 E 1 
151.10 2 E 3 
151.20 7 R 1 
153.00 5 E 4 
154.00 4 E 1 
155.00 2 E 5 
155.10 8 E 3 
156.00 8 E 3 
156.10 7 E 5 
158.00 5 E 4 
158.10 7 E 5 
159.00 2 E 5 
160.00 5 E 3 
161.00 8 E 3 
163.00 7 E 4 
164.00 9 R 5 
165.00 5 E 3 
165.10 8 E 5 
166.00 5 E 3 
167.00 7 E 4 
169.00 4 R 1 
169.10 9 E 1 
169.20 8 E 5 
170.00 3 E 1 
170.10 7 E 4 
171.00 3 E 4 
171.10 5 E 3 
174.00 4 E 5 
175.00 5 E 5 
175.10 7 E 4 
176.00 4 E 5 
176.10 3 E 4 
177.00 7 E 3 
179.00 5 E 5 
180.00 1 E 1 
181.00 4 E 4 
181.10 1 E 4 
182.00 2 R 5 
182.10 7 E 3 
183.00 7 E 3 
185.00 4 E 4 
187.00 2 E 1 
188.00 4 E 4 
188.10 7 E 3 
190.00 6 E 1 
191.00 6 E 4 
192.00 8 R 5 
192.10 7 E 5 
193.00 4 E 4 
195.00 4 E 3 
196.00 6 E 4 
196.10 7 E 5 
197.00 8 E 1 
200.00 10 E 1 
200.10 4 E 3 
201.00 10 E 4 
201.10 4 E 3 
202.00 5 R 5 
206.00 4 E 3 
206.10 10 E 4 
207.00 5 E 1 
210.00 9 E 1 
210.10 4 E 5 
211.00 9 E 4 
212.00 3 R 4 
213.00 3 E 5 
214.00 3 E 5 
214.10 4 E 5 
216.00 9 E 4 
219.00 7 R 5 
224.00 7 E 1 
226.00 2 E 1 
227.00 2 E 4 
232.00 2 E 4 
232.10 6 R 4 
233.00 6 E 5 
234.00 6 E 5 
237.00 1 E 4 
237.10 4 R 5 
242.00 10 R 4 
242.10 4 E 1 
243.00 10 E 5 
243.10 8 E 1 
244.00 10 E 5 
244.10 8 E 4 
249.00 8 E 4 
252.00 9 R 4 
253.00 9 E 5 
254.00 9 E 5 
268.00 2 R 4 
269.00 2 E 5 
270.00 2 E 5 
273.00 1 R 4 
274.00 1 E 5 
285.00 8 R 4 
286.00 8 E 5 
314.00 3 E 1 
314.10 4 E 1 
314.20 7 E 1 
314.30 5 E 1 
314.40 8 E 1 
314.50 2 E 1 
314.60 9 E 1 
314.70 10 E 1 
314.80 6 E 1 
314.90 1 E 1 
317.00 3 E 1 
327.00 1 E 1 
332.00 3 R 1 
337.00 3 E 5 
339.00 3 E 5 
342.00 1 R 1 
344.00 3 E 4 
345.00 6 E 1 
347.00 1 E 5 
348.00 3 E 4 
349.00 1 E 5 
351.00 3 E 4 
354.00 1 E 4 
356.00 3 E 4 
358.00 1 E 4 
358.10 3 E 3 
360.00 6 R 1 
361.00 1 E 4 
363.00 10 E 1 
363.10 3 E 3 
364.00 3 E 3 
365.00 6 E 5 
366.00 1 E 4 
367.00 6 E 5 
368.00 1 E 3 
369.00 3 E 3 
372.00 6 E 4 
373.00 1 E 3 
373.10 3 E 5 
374.00 1 E 3 
376.00 6 E 4 
377.00 3 E 5 
378.00 10 R 1 
379.00 1 E 3 
379.10 6 E 4 
381.00 9 E 1 
383.00 10 E 5 
383.10 1 E 5 
384.00 6 E 4 
385.00 10 E 5 
386.00 6 E 3 
387.00 1 E 5 
390.00 10 E 4 
391.00 6 E 3 
392.00 6 E 3 
394.00 10 E 4 
396.00 9 R 1 
397.00 10 E 4 
397.10 6 E 3 
399.00 2 E 1 
400.00 3 R 5 
401.00 9 E 5 
401.10 6 E 5 
402.00 10 E 4 
403.00 9 E 5 
404.00 10 E 3 
405.00 3 E 1 
405.10 6 E 5 
408.00 9 E 4 
409.00 8 E 1 
409.10 10 E 3 
410.00 10 E 3 
410.10 1 R 5 
412.00 9 E 4 
414.00 2 R 1 
415.00 9 E 4 
415.10 10 E 3 
415.20 1 E 1 
419.00 2 E 5 
419.10 5 E 1 
419.20 10 E 5 
420.00 9 E 4 
421.00 2 E 5 
422.00 9 E 3 
423.00 10 E 5 
424.00 8 R 1 
426.00 2 E 4 
427.00 9 E 3 
428.00 9 E 3 
428.10 6 R 5 
429.00 8 E 5 
430.00 2 E 4 
431.00 8 E 5 
433.00 2 E 4 
433.10 9 E 3 
433.20 6 E 1 
434.00 5 R 1 
436.00 8 E 4 
436.10 7 E 1 
437.00 9 E 5 
438.00 2 E 4 
439.00 5 E 5 
440.00 2 E 3 
440.10 8 E 4 
441.00 5 E 5 
441.10 9 E 5 
443.00 8 E 4 
445.00 2 E 3 
446.00 5 E 4 
446.10 10 R 5 
446.20 2 E 3 
448.00 8 E 4 
450.00 5 E 4 
450.10 8 E 3 
451.00 10 E 1 
451.10 2 E 3 
451.20 7 R 1 
453.00 5 E 4 
454.00 4 E 1 
455.00 2 E 5 
455.10 8 E 3 
456.00 8 E 3 
456.10 7 E 5 
458.00 5 E 4 
458.10 7 E 5 
459.00 2 E 5 
460.00 5 E 3 
461.00 8 E 3 
463.00 7 E 4 
464.00 9 R 5 
465.00 5 E 3 
465.10 8 E 5 
466.00 5 E 3 
467.00 7 E 4 
469.00 4 R 1 
469.10 9 E 1 
469.20 8 E 5 
470.00 3 E 1 
470.10 7 E 4 
471.00 3 E 4 
471.10 5 E 3 
474.00 4 E 5 
475.00 5 E 5 
475.10 7 E 4 
476.00 4 E 5 
476.10 3 E 4 
477.00 7 E 3 
479.00 5 E 5 
480.00 1 E 1 
481.00 4 E 4 
481.10 1 E 4 
482.00 2 R 5 
482.10 7 E 3 
483.00 7 E 3 
485.00 4 E 4 
487.00 2 E 1 
488.00 4 E 4 
488.10 7 E 3 
490.00 6 E 1 
491.00 6 E 4 
492.00 8 R 5 
492.10 7 E 5 
493.00 4 E 4 
495.00 4 E 3 
496.00 6 E 4 
496.10 7 E 5 
497.00 8 E 1 
500.00 10 E 1 
500.10 4 E 3 
501.00 10 E 4 
501.10 4 E 3 
502.00 5 R 5 
506.00 4 E 3 
506.10 10 E 4 
507.00 5 E 1 
510.00 9 E 1 
510.10 4 E 5 
511.00 9 E 4 
512.00 3 R 4 
513.00 3 E 5 
514.00 3 E 5 
514.10 4 E 5 
516.00 9 E 4 
519.00 7 R 5 
524.00 7 E 1 
526.00 2 E 1 
527.00 2 E 4 
532.00 2 E 4 
532.10 6 R 4 
533.00 6 E 5 
534.00 6 E 5 
537.00 1 E 4 
537.10 4 R 5 
542.00 10 R 4 
542.10 4 E 1 
543.00 10 E 5 
543.10 8 E 1 
544.00 10 E 5 
544.10 8 E 4 
549.00 8 E 4 
552.00 9 R 4 
553.00 9 E 5 
554.00 9 E 5 
568.00 2 R 4 
569.00 2 E 5 
570.00 2 E 5 
573.00 1 R 4 
574.00 1 E 5 
585.00 8 R 4 
586.00 8 E 5 
